4: Ok(Inject { src_mac: [0, 0, 0, 0, 0, 0], dst_mac: [0, 0, 0, 0, 0, 0], ips: V4 { src: Address([8, 8, 8, 8]), dst: Address([10, 0, 0, 1]) }, src_port: 53, dst_port: 10013, payload: [110, 61, 129, 128, 0, 1, 0, 1, 0, 0, 0, 0, 6, 114, 101, 100, 100, 105, 116, 3, 99, 111, 109, 0, 0, 1, 0, 1, 192, 12, 0, 1, 0, 1, 0, 0, 1, 44, 0, 4, 10, 10, 10, 10] })
8: Ok(Inject { src_mac: [0, 0, 0, 0, 0, 0], dst_mac: [0, 0, 0, 0, 0, 0], ips: V4 { src: Address([8, 8, 8, 8]), dst: Address([10, 0, 0, 1]) }, src_port: 53, dst_port: 10046, payload: [252, 174, 129, 128, 0, 1, 0, 1, 0, 0, 0, 0, 6, 115, 105, 103, 110, 97, 108, 3, 111, 114, 103, 0, 0, 1, 0, 1, 192, 12, 0, 1, 0, 1, 0, 0, 1, 44, 0, 4, 10, 10, 10, 10] })
10: Ok(Inject { src_mac: [0, 0, 0, 0, 0, 0], dst_mac: [0, 0, 0, 0, 0, 0], ips: V4 { src: Address([8, 8, 8, 8]), dst: Address([10, 0, 0, 1]) }, src_port: 53, dst_port: 10018, payload: [235, 57, 129, 128, 0, 1, 0, 1, 0, 0, 0, 0, 7, 116, 119, 105, 116, 116, 101, 114, 3, 99, 111, 109, 0, 0, 1, 0, 1, 192, 12, 0, 1, 0, 1, 0, 0, 1, 44, 0, 4, 10, 10, 10, 10] })
12: Ok(Inject { src_mac: [0, 0, 0, 0, 0, 0], dst_mac: [0, 0, 0, 0, 0, 0], ips: V4 { src: Address([8, 8, 8, 8]), dst: Address([10, 0, 0, 1]) }, src_port: 53, dst_port: 10041, payload: [73, 38, 129, 128, 0, 1, 0, 1, 0, 0, 0, 0, 6, 116, 117, 109, 98, 108, 114, 3, 99, 111, 109, 0, 0, 1, 0, 1, 192, 12, 0, 1, 0, 1, 0, 0, 1, 44, 0, 4, 10, 10, 10, 10] })
15: Ok(Inject { src_mac: [0, 0, 0, 0, 0, 0], dst_mac: [0, 0, 0, 0, 0, 0], ips: V4 { src: Address([8, 8, 8, 8]), dst: Address([10, 0, 0, 1]) }, src_port: 53, dst_port: 10044, payload: [204, 126, 129, 128, 0, 1, 0, 1, 0, 0, 0, 0, 8, 98, 108, 111, 103, 115, 112, 111, 116, 3, 99, 111, 109, 0, 0, 1, 0, 1, 192, 12, 0, 1, 0, 1, 0, 0, 1, 44, 0, 4, 10, 10, 10, 10] })
16: Ok(Inject { src_mac: [0, 0, 0, 0, 0, 0], dst_mac: [0, 0, 0, 0, 0, 0], ips: V4 { src: Address([8, 8, 8, 8]), dst: Address([10, 0, 0, 1]) }, src_port: 53, dst_port: 10028, payload: [189, 136, 129, 128, 0, 1, 0, 1, 0, 0, 0, 0, 7, 110, 121, 116, 105, 109, 101, 115, 3, 99, 111, 109, 0, 0, 1, 0, 1, 192, 12, 0, 1, 0, 1, 0, 0, 1, 44, 0, 4, 10, 10, 10, 10] })
19: Ok(Inject { src_mac: [0, 0, 0, 0, 0, 0], dst_mac: [0, 0, 0, 0, 0, 0], ips: V4 { src: Address([8, 8, 8, 8]), dst: Address([10, 0, 0, 1]) }, src_port: 53, dst_port: 10039, payload: [108, 221, 129, 128, 0, 1, 0, 1, 0, 0, 0, 0, 7, 118, 112, 110, 103, 97, 116, 101, 3, 110, 101, 116, 0, 0, 1, 0, 1, 192, 12, 0, 1, 0, 1, 0, 0, 1, 44, 0, 4, 10, 10, 10, 10] })
21: Ok(Inject { src_mac: [0, 0, 0, 0, 0, 0], dst_mac: [0, 0, 0, 0, 0, 0], ips: V4 { src: Address([8, 8, 8, 8]), dst: Address([10, 0, 0, 1]) }, src_port: 53, dst_port: 10014, payload: [52, 84, 129, 128, 0, 1, 0, 1, 0, 0, 0, 0, 7, 112, 115, 105, 112, 104, 111, 110, 2, 99, 97, 0, 0, 1, 0, 1, 192, 12, 0, 1, 0, 1, 0, 0, 1, 44, 0, 4, 10, 10, 10, 10] })
24: Ok(Inject { src_mac: [0, 0, 0, 0, 0, 0], dst_mac: [0, 0, 0, 0, 0, 0], ips: V4 { src: Address([8, 8, 8, 8]), dst: Address([10, 0, 0, 1]) }, src_port: 53, dst_port: 10029, payload: [107, 68, 129, 128, 0, 1, 0, 1, 0, 0, 0, 0, 10, 108, 97, 110, 116, 101, 114, 110, 118, 112, 110, 3, 111, 114, 103, 0, 0, 1, 0, 1, 192, 12, 0, 1, 0, 1, 0, 0, 1, 44, 0, 4, 10, 10, 10, 10] })
25: Ok(Inject { src_mac: [0, 0, 0, 0, 0, 0], dst_mac: [0, 0, 0, 0, 0, 0], ips: V4 { src: Address([8, 8, 8, 8]), dst: Address([10, 0, 0, 1]) }, src_port: 53, dst_port: 10043, payload: [134, 134, 129, 128, 0, 1, 0, 1, 0, 0, 0, 0, 7, 97, 109, 110, 101, 115, 116, 121, 3, 111, 114, 103, 0, 0, 1, 0, 1, 192, 12, 0, 1, 0, 1, 0, 0, 1, 44, 0, 4, 10, 10, 10, 10] })
27: Ok(Inject { src_mac: [0, 0, 0, 0, 0, 0], dst_mac: [0, 0, 0, 0, 0, 0], ips: V4 { src: Address([8, 8, 8, 8]), dst: Address([10, 0, 0, 1]) }, src_port: 53, dst_port: 10008, payload: [214, 203, 129, 128, 0, 1, 0, 1, 0, 0, 0, 0, 7, 114, 101, 117, 116, 101, 114, 115, 3, 99, 111, 109, 0, 0, 1, 0, 1, 192, 12, 0, 1, 0, 1, 0, 0, 1, 44, 0, 4, 10, 10, 10, 10] })
28: Ok(Inject { src_mac: [0, 0, 0, 0, 0, 0], dst_mac: [0, 0, 0, 0, 0, 0], ips: V4 { src: Address([8, 8, 8, 8]), dst: Address([10, 0, 0, 1]) }, src_port: 53, dst_port: 10040, payload: [202, 144, 129, 128, 0, 1, 0, 1, 0, 0, 0, 0, 10, 115, 111, 117, 110, 100, 99, 108, 111, 117, 100, 3, 99, 111, 109, 0, 0, 1, 0, 1, 192, 12, 0, 1, 0, 1, 0, 0, 1, 44, 0, 4, 10, 10, 10, 10] })
30: Ok(Inject { src_mac: [0, 0, 0, 0, 0, 0], dst_mac: [0, 0, 0, 0, 0, 0], ips: V4 { src: Address([8, 8, 8, 8]), dst: Address([10, 0, 0, 1]) }, src_port: 53, dst_port: 10022, payload: [35, 156, 129, 128, 0, 1, 0, 1, 0, 0, 0, 0, 7, 114, 101, 117, 116, 101, 114, 115, 3, 99, 111, 109, 0, 0, 1, 0, 1, 192, 12, 0, 1, 0, 1, 0, 0, 1, 44, 0, 4, 10, 10, 10, 10] })
33: Ok(Inject { src_mac: [0, 0, 0, 0, 0, 0], dst_mac: [0, 0, 0, 0, 0, 0], ips: V4 { src: Address([8, 8, 8, 8]), dst: Address([10, 0, 0, 1]) }, src_port: 53, dst_port: 10016, payload: [183, 204, 129, 128, 0, 1, 0, 1, 0, 0, 0, 0, 8, 119, 104, 97, 116, 115, 97, 112, 112, 3, 99, 111, 109, 0, 0, 1, 0, 1, 192, 12, 0, 1, 0, 1, 0, 0, 1, 44, 0, 4, 10, 10, 10, 10] })
36: Ok(Inject { src_mac: [0, 0, 0, 0, 0, 0], dst_mac: [0, 0, 0, 0, 0, 0], ips: V4 { src: Address([8, 8, 8, 8]), dst: Address([10, 0, 0, 1]) }, src_port: 53, dst_port: 10026, payload: [142, 82, 129, 128, 0, 1, 0, 1, 0, 0, 0, 0, 7, 109, 117, 108, 108, 118, 97, 100, 3, 110, 101, 116, 0, 0, 1, 0, 1, 192, 12, 0, 1, 0, 1, 0, 0, 1, 44, 0, 4, 10, 10, 10, 10] })
38: Ok(Inject { src_mac: [0, 0, 0, 0, 0, 0], dst_mac: [0, 0, 0, 0, 0, 0], ips: V4 { src: Address([8, 8, 8, 8]), dst: Address([10, 0, 0, 1]) }, src_port: 53, dst_port: 10002, payload: [71, 113, 129, 128, 0, 1, 0, 1, 0, 0, 0, 0, 14, 119, 97, 115, 104, 105, 110, 103, 116, 111, 110, 112, 111, 115, 116, 3, 99, 111, 109, 0, 0, 1, 0, 1, 192, 12, 0, 1, 0, 1, 0, 0, 1, 44, 0, 4, 10, 10, 10, 10] })
40: Ok(Inject { src_mac: [0, 0, 0, 0, 0, 0], dst_mac: [0, 0, 0, 0, 0, 0], ips: V4 { src: Address([8, 8, 8, 8]), dst: Address([10, 0, 0, 1]) }, src_port: 53, dst_port: 10042, payload: [71, 125, 129, 128, 0, 1, 0, 1, 0, 0, 0, 0, 3, 104, 114, 119, 3, 111, 114, 103, 0, 0, 1, 0, 1, 192, 12, 0, 1, 0, 1, 0, 0, 1, 44, 0, 4, 10, 10, 10, 10] })
43: Ok(Inject { src_mac: [0, 0, 0, 0, 0, 0], dst_mac: [0, 0, 0, 0, 0, 0], ips: V4 { src: Address([8, 8, 8, 8]), dst: Address([10, 0, 0, 1]) }, src_port: 53, dst_port: 10025, payload: [51, 182, 129, 128, 0, 1, 0, 1, 0, 0, 0, 0, 14, 119, 97, 115, 104, 105, 110, 103, 116, 111, 110, 112, 111, 115, 116, 3, 99, 111, 109, 0, 0, 1, 0, 1, 192, 12, 0, 1, 0, 1, 0, 0, 1, 44, 0, 4, 10, 10, 10, 10] })
44: Ok(Inject { src_mac: [0, 0, 0, 0, 0, 0], dst_mac: [0, 0, 0, 0, 0, 0], ips: V4 { src: Address([8, 8, 8, 8]), dst: Address([10, 0, 0, 1]) }, src_port: 53, dst_port: 10015, payload: [194, 133, 129, 128, 0, 1, 0, 1, 0, 0, 0, 0, 9, 105, 110, 115, 116, 97, 103, 114, 97, 109, 3, 99, 111, 109, 0, 0, 1, 0, 1, 192, 12, 0, 1, 0, 1, 0, 0, 1, 44, 0, 4, 10, 10, 10, 10] })
45: Ok(Inject { src_mac: [0, 0, 0, 0, 0, 0], dst_mac: [0, 0, 0, 0, 0, 0], ips: V4 { src: Address([8, 8, 8, 8]), dst: Address([10, 0, 0, 1]) }, src_port: 53, dst_port: 10045, payload: [112, 74, 129, 128, 0, 1, 0, 1, 0, 0, 0, 0, 9, 112, 114, 111, 116, 111, 110, 118, 112, 110, 3, 99, 111, 109, 0, 0, 1, 0, 1, 192, 12, 0, 1, 0, 1, 0, 0, 1, 44, 0, 4, 10, 10, 10, 10] })
46: Ok(Inject { src_mac: [0, 0, 0, 0, 0, 0], dst_mac: [0, 0, 0, 0, 0, 0], ips: V4 { src: Address([8, 8, 8, 8]), dst: Address([10, 0, 0, 1]) }, src_port: 53, dst_port: 10038, payload: [108, 5, 129, 128, 0, 1, 0, 1, 0, 0, 0, 0, 9, 119, 105, 107, 105, 112, 101, 100, 105, 97, 3, 111, 114, 103, 0, 0, 1, 0, 1, 192, 12, 0, 1, 0, 1, 0, 0, 1, 44, 0, 4, 10, 10, 10, 10] })
47: Ok(Inject { src_mac: [0, 0, 0, 0, 0, 0], dst_mac: [0, 0, 0, 0, 0, 0], ips: V4 { src: Address([8, 8, 8, 8]), dst: Address([10, 0, 0, 1]) }, src_port: 53, dst_port: 10004, payload: [16, 69, 129, 128, 0, 1, 0, 1, 0, 0, 0, 0, 8, 98, 108, 111, 103, 115, 112, 111, 116, 3, 99, 111, 109, 0, 0, 1, 0, 1, 192, 12, 0, 1, 0, 1, 0, 0, 1, 44, 0, 4, 10, 10, 10, 10] })
49: Ok(Inject { src_mac: [0, 0, 0, 0, 0, 0], dst_mac: [0, 0, 0, 0, 0, 0], ips: V4 { src: Address([8, 8, 8, 8]), dst: Address([10, 0, 0, 1]) }, src_port: 53, dst_port: 10005, payload: [47, 248, 129, 128, 0, 1, 0, 1, 0, 0, 0, 0, 8, 102, 97, 99, 101, 98, 111, 111, 107, 3, 99, 111, 109, 0, 0, 1, 0, 1, 192, 12, 0, 1, 0, 1, 0, 0, 1, 44, 0, 4, 10, 10, 10, 10] })
52: Ok(Inject { src_mac: [0, 0, 0, 0, 0, 0], dst_mac: [0, 0, 0, 0, 0, 0], ips: V4 { src: Address([8, 8, 8, 8]), dst: Address([10, 0, 0, 1]) }, src_port: 53, dst_port: 10010, payload: [3, 83, 129, 128, 0, 1, 0, 1, 0, 0, 0, 0, 3, 114, 115, 102, 3, 111, 114, 103, 0, 0, 1, 0, 1, 192, 12, 0, 1, 0, 1, 0, 0, 1, 44, 0, 4, 10, 10, 10, 10] })
54: Ok(Inject { src_mac: [0, 0, 0, 0, 0, 0], dst_mac: [0, 0, 0, 0, 0, 0], ips: V4 { src: Address([8, 8, 8, 8]), dst: Address([10, 0, 0, 1]) }, src_port: 53, dst_port: 10032, payload: [236, 173, 129, 128, 0, 1, 0, 1, 0, 0, 0, 0, 7, 110, 121, 116, 105, 109, 101, 115, 3, 99, 111, 109, 0, 0, 1, 0, 1, 192, 12, 0, 1, 0, 1, 0, 0, 1, 44, 0, 4, 10, 10, 10, 10] })
59: Ok(Inject { src_mac: [0, 0, 0, 0, 0, 0], dst_mac: [0, 0, 0, 0, 0, 0], ips: V4 { src: Address([8, 8, 8, 8]), dst: Address([10, 0, 0, 1]) }, src_port: 53, dst_port: 10020, payload: [40, 88, 129, 128, 0, 1, 0, 1, 0, 0, 0, 0, 7, 109, 117, 108, 108, 118, 97, 100, 3, 110, 101, 116, 0, 0, 1, 0, 1, 192, 12, 0, 1, 0, 1, 0, 0, 1, 44, 0, 4, 10, 10, 10, 10] })
61: Ok(Inject { src_mac: [0, 0, 0, 0, 0, 0], dst_mac: [0, 0, 0, 0, 0, 0], ips: V4 { src: Address([8, 8, 8, 8]), dst: Address([10, 0, 0, 1]) }, src_port: 53, dst_port: 10003, payload: [44, 131, 129, 128, 0, 1, 0, 1, 0, 0, 0, 0, 8, 119, 104, 97, 116, 115, 97, 112, 112, 3, 99, 111, 109, 0, 0, 1, 0, 1, 192, 12, 0, 1, 0, 1, 0, 0, 1, 44, 0, 4, 10, 10, 10, 10] })
62: Ok(Inject { src_mac: [0, 0, 0, 0, 0, 0], dst_mac: [0, 0, 0, 0, 0, 0], ips: V4 { src: Address([8, 8, 8, 8]), dst: Address([10, 0, 0, 1]) }, src_port: 53, dst_port: 10034, payload: [166, 8, 129, 128, 0, 1, 0, 1, 0, 0, 0, 0, 14, 119, 97, 115, 104, 105, 110, 103, 116, 111, 110, 112, 111, 115, 116, 3, 99, 111, 109, 0, 0, 1, 0, 1, 192, 12, 0, 1, 0, 1, 0, 0, 1, 44, 0, 4, 10, 10, 10, 10] })
63: Ok(Inject { src_mac: [0, 0, 0, 0, 0, 0], dst_mac: [0, 0, 0, 0, 0, 0], ips: V4 { src: Address([8, 8, 8, 8]), dst: Address([10, 0, 0, 1]) }, src_port: 53, dst_port: 10047, payload: [24, 31, 129, 128, 0, 1, 0, 1, 0, 0, 0, 0, 9, 105, 110, 115, 116, 97, 103, 114, 97, 109, 3, 99, 111, 109, 0, 0, 1, 0, 1, 192, 12, 0, 1, 0, 1, 0, 0, 1, 44, 0, 4, 10, 10, 10, 10] })
67: Ok(Inject { src_mac: [0, 0, 0, 0, 0, 0], dst_mac: [0, 0, 0, 0, 0, 0], ips: V4 { src: Address([8, 8, 8, 8]), dst: Address([10, 0, 0, 1]) }, src_port: 53, dst_port: 10037, payload: [137, 21, 129, 128, 0, 1, 0, 1, 0, 0, 0, 0, 6, 103, 105, 116, 104, 117, 98, 3, 99, 111, 109, 0, 0, 1, 0, 1, 192, 12, 0, 1, 0, 1, 0, 0, 1, 44, 0, 4, 10, 10, 10, 10] })
68: Ok(Inject { src_mac: [0, 0, 0, 0, 0, 0], dst_mac: [0, 0, 0, 0, 0, 0], ips: V4 { src: Address([8, 8, 8, 8]), dst: Address([10, 0, 0, 1]) }, src_port: 53, dst_port: 10024, payload: [40, 218, 129, 128, 0, 1, 0, 1, 0, 0, 0, 0, 10, 116, 111, 114, 112, 114, 111, 106, 101, 99, 116, 3, 111, 114, 103, 0, 0, 1, 0, 1, 192, 12, 0, 1, 0, 1, 0, 0, 1, 44, 0, 4, 10, 10, 10, 10] })
69: Ok(Inject { src_mac: [0, 0, 0, 0, 0, 0], dst_mac: [0, 0, 0, 0, 0, 0], ips: V4 { src: Address([8, 8, 8, 8]), dst: Address([10, 0, 0, 1]) }, src_port: 53, dst_port: 10019, payload: [63, 233, 129, 128, 0, 1, 0, 1, 0, 0, 0, 0, 7, 100, 105, 115, 99, 111, 114, 100, 3, 99, 111, 109, 0, 0, 1, 0, 1, 192, 12, 0, 1, 0, 1, 0, 0, 1, 44, 0, 4, 10, 10, 10, 10] })
72: Ok(Inject { src_mac: [0, 0, 0, 0, 0, 0], dst_mac: [0, 0, 0, 0, 0, 0], ips: V4 { src: Address([8, 8, 8, 8]), dst: Address([10, 0, 0, 1]) }, src_port: 53, dst_port: 10036, payload: [161, 131, 129, 128, 0, 1, 0, 1, 0, 0, 0, 0, 7, 116, 119, 105, 116, 116, 101, 114, 3, 99, 111, 109, 0, 0, 1, 0, 1, 192, 12, 0, 1, 0, 1, 0, 0, 1, 44, 0, 4, 10, 10, 10, 10] })
74: Ok(Inject { src_mac: [0, 0, 0, 0, 0, 0], dst_mac: [0, 0, 0, 0, 0, 0], ips: V4 { src: Address([8, 8, 8, 8]), dst: Address([10, 0, 0, 1]) }, src_port: 53, dst_port: 10033, payload: [138, 54, 129, 128, 0, 1, 0, 1, 0, 0, 0, 0, 7, 109, 117, 108, 108, 118, 97, 100, 3, 110, 101, 116, 0, 0, 1, 0, 1, 192, 12, 0, 1, 0, 1, 0, 0, 1, 44, 0, 4, 10, 10, 10, 10] })
75: Ok(Inject { src_mac: [0, 0, 0, 0, 0, 0], dst_mac: [0, 0, 0, 0, 0, 0], ips: V4 { src: Address([8, 8, 8, 8]), dst: Address([10, 0, 0, 1]) }, src_port: 53, dst_port: 10049, payload: [216, 37, 129, 128, 0, 1, 0, 1, 0, 0, 0, 0, 7, 110, 121, 116, 105, 109, 101, 115, 3, 99, 111, 109, 0, 0, 1, 0, 1, 192, 12, 0, 1, 0, 1, 0, 0, 1, 44, 0, 4, 10, 10, 10, 10] })
76: Ok(Inject { src_mac: [0, 0, 0, 0, 0, 0], dst_mac: [0, 0, 0, 0, 0, 0], ips: V4 { src: Address([8, 8, 8, 8]), dst: Address([10, 0, 0, 1]) }, src_port: 53, dst_port: 10000, payload: [12, 206, 129, 128, 0, 1, 0, 1, 0, 0, 0, 0, 8, 116, 101, 108, 101, 103, 114, 97, 109, 3, 111, 114, 103, 0, 0, 1, 0, 1, 192, 12, 0, 1, 0, 1, 0, 0, 1, 44, 0, 4, 10, 10, 10, 10] })
77: Ok(Inject { src_mac: [0, 0, 0, 0, 0, 0], dst_mac: [0, 0, 0, 0, 0, 0], ips: V4 { src: Address([8, 8, 8, 8]), dst: Address([10, 0, 0, 1]) }, src_port: 53, dst_port: 10048, payload: [78, 65, 129, 128, 0, 1, 0, 1, 0, 0, 0, 0, 8, 116, 101, 108, 101, 103, 114, 97, 109, 3, 111, 114, 103, 0, 0, 1, 0, 1, 192, 12, 0, 1, 0, 1, 0, 0, 1, 44, 0, 4, 10, 10, 10, 10] })
79: Ok(Inject { src_mac: [0, 0, 0, 0, 0, 0], dst_mac: [0, 0, 0, 0, 0, 0], ips: V4 { src: Address([8, 8, 8, 8]), dst: Address([10, 0, 0, 1]) }, src_port: 53, dst_port: 10007, payload: [13, 150, 129, 128, 0, 1, 0, 1, 0, 0, 0, 0, 5, 118, 105, 109, 101, 111, 3, 99, 111, 109, 0, 0, 1, 0, 1, 192, 12, 0, 1, 0, 1, 0, 0, 1, 44, 0, 4, 10, 10, 10, 10] })
81: Ok(Inject { src_mac: [0, 0, 0, 0, 0, 0], dst_mac: [0, 0, 0, 0, 0, 0], ips: V4 { src: Address([8, 8, 8, 8]), dst: Address([10, 0, 0, 1]) }, src_port: 53, dst_port: 10027, payload: [186, 203, 129, 128, 0, 1, 0, 1, 0, 0, 0, 0, 6, 116, 117, 109, 98, 108, 114, 3, 99, 111, 109, 0, 0, 1, 0, 1, 192, 12, 0, 1, 0, 1, 0, 0, 1, 44, 0, 4, 10, 10, 10, 10] })
85: Ok(Inject { src_mac: [0, 0, 0, 0, 0, 0], dst_mac: [0, 0, 0, 0, 0, 0], ips: V4 { src: Address([8, 8, 8, 8]), dst: Address([10, 0, 0, 1]) }, src_port: 53, dst_port: 10021, payload: [185, 40, 129, 128, 0, 1, 0, 1, 0, 0, 0, 0, 10, 116, 111, 114, 112, 114, 111, 106, 101, 99, 116, 3, 111, 114, 103, 0, 0, 1, 0, 1, 192, 12, 0, 1, 0, 1, 0, 0, 1, 44, 0, 4, 10, 10, 10, 10] })
86: Ok(Inject { src_mac: [0, 0, 0, 0, 0, 0], dst_mac: [0, 0, 0, 0, 0, 0], ips: V4 { src: Address([8, 8, 8, 8]), dst: Address([10, 0, 0, 1]) }, src_port: 53, dst_port: 10030, payload: [36, 142, 129, 128, 0, 1, 0, 1, 0, 0, 0, 0, 3, 114, 115, 102, 3, 111, 114, 103, 0, 0, 1, 0, 1, 192, 12, 0, 1, 0, 1, 0, 0, 1, 44, 0, 4, 10, 10, 10, 10] })
87: Ok(Inject { src_mac: [0, 0, 0, 0, 0, 0], dst_mac: [0, 0, 0, 0, 0, 0], ips: V4 { src: Address([8, 8, 8, 8]), dst: Address([10, 0, 0, 1]) }, src_port: 53, dst_port: 10011, payload: [216, 96, 129, 128, 0, 1, 0, 1, 0, 0, 0, 0, 7, 110, 121, 116, 105, 109, 101, 115, 3, 99, 111, 109, 0, 0, 1, 0, 1, 192, 12, 0, 1, 0, 1, 0, 0, 1, 44, 0, 4, 10, 10, 10, 10] })
88: Ok(Inject { src_mac: [0, 0, 0, 0, 0, 0], dst_mac: [0, 0, 0, 0, 0, 0], ips: V4 { src: Address([8, 8, 8, 8]), dst: Address([10, 0, 0, 1]) }, src_port: 53, dst_port: 10001, payload: [125, 98, 129, 128, 0, 1, 0, 1, 0, 0, 0, 0, 3, 114, 115, 102, 3, 111, 114, 103, 0, 0, 1, 0, 1, 192, 12, 0, 1, 0, 1, 0, 0, 1, 44, 0, 4, 10, 10, 10, 10] })
91: Ok(Inject { src_mac: [0, 0, 0, 0, 0, 0], dst_mac: [0, 0, 0, 0, 0, 0], ips: V4 { src: Address([8, 8, 8, 8]), dst: Address([10, 0, 0, 1]) }, src_port: 53, dst_port: 10006, payload: [119, 31, 129, 128, 0, 1, 0, 1, 0, 0, 0, 0, 11, 116, 104, 101, 103, 117, 97, 114, 100, 105, 97, 110, 3, 99, 111, 109, 0, 0, 1, 0, 1, 192, 12, 0, 1, 0, 1, 0, 0, 1, 44, 0, 4, 10, 10, 10, 10] })
92: Ok(Inject { src_mac: [0, 0, 0, 0, 0, 0], dst_mac: [0, 0, 0, 0, 0, 0], ips: V4 { src: Address([8, 8, 8, 8]), dst: Address([10, 0, 0, 1]) }, src_port: 53, dst_port: 10012, payload: [142, 69, 129, 128, 0, 1, 0, 1, 0, 0, 0, 0, 7, 112, 115, 105, 112, 104, 111, 110, 2, 99, 97, 0, 0, 1, 0, 1, 192, 12, 0, 1, 0, 1, 0, 0, 1, 44, 0, 4, 10, 10, 10, 10] })
95: Ok(Inject { src_mac: [0, 0, 0, 0, 0, 0], dst_mac: [0, 0, 0, 0, 0, 0], ips: V4 { src: Address([8, 8, 8, 8]), dst: Address([10, 0, 0, 1]) }, src_port: 53, dst_port: 10009, payload: [229, 254, 129, 128, 0, 1, 0, 1, 0, 0, 0, 0, 14, 119, 97, 115, 104, 105, 110, 103, 116, 111, 110, 112, 111, 115, 116, 3, 99, 111, 109, 0, 0, 1, 0, 1, 192, 12, 0, 1, 0, 1, 0, 0, 1, 44, 0, 4, 10, 10, 10, 10] })
96: Ok(Inject { src_mac: [0, 0, 0, 0, 0, 0], dst_mac: [0, 0, 0, 0, 0, 0], ips: V4 { src: Address([8, 8, 8, 8]), dst: Address([10, 0, 0, 1]) }, src_port: 53, dst_port: 10031, payload: [125, 87, 129, 128, 0, 1, 0, 1, 0, 0, 0, 0, 7, 110, 121, 116, 105, 109, 101, 115, 3, 99, 111, 109, 0, 0, 1, 0, 1, 192, 12, 0, 1, 0, 1, 0, 0, 1, 44, 0, 4, 10, 10, 10, 10] })
98: Ok(Inject { src_mac: [0, 0, 0, 0, 0, 0], dst_mac: [0, 0, 0, 0, 0, 0], ips: V4 { src: Address([8, 8, 8, 8]), dst: Address([10, 0, 0, 1]) }, src_port: 53, dst_port: 10035, payload: [117, 69, 129, 128, 0, 1, 0, 1, 0, 0, 0, 0, 7, 121, 111, 117, 116, 117, 98, 101, 3, 99, 111, 109, 0, 0, 1, 0, 1, 192, 12, 0, 1, 0, 1, 0, 0, 1, 44, 0, 4, 10, 10, 10, 10] })
99: Ok(Inject { src_mac: [0, 0, 0, 0, 0, 0], dst_mac: [0, 0, 0, 0, 0, 0], ips: V4 { src: Address([8, 8, 8, 8]), dst: Address([10, 0, 0, 1]) }, src_port: 53, dst_port: 10023, payload: [116, 175, 129, 128, 0, 1, 0, 1, 0, 0, 0, 0, 7, 116, 119, 105, 116, 116, 101, 114, 3, 99, 111, 109, 0, 0, 1, 0, 1, 192, 12, 0, 1, 0, 1, 0, 0, 1, 44, 0, 4, 10, 10, 10, 10] })
101: Ok(Inject { src_mac: [0, 0, 0, 0, 0, 0], dst_mac: [0, 0, 0, 0, 0, 0], ips: V4 { src: Address([8, 8, 8, 8]), dst: Address([10, 0, 0, 1]) }, src_port: 53, dst_port: 10017, payload: [135, 111, 129, 128, 0, 1, 0, 1, 0, 0, 0, 0, 10, 108, 97, 110, 116, 101, 114, 110, 118, 112, 110, 3, 111, 114, 103, 0, 0, 1, 0, 1, 192, 12, 0, 1, 0, 1, 0, 0, 1, 44, 0, 4, 10, 10, 10, 10] })
Pcap mode took 11276us to process the file (11397us including I/O)
